"png/leaves/0.png" "" "" 0 0 135 100
0.0 0.0 0.2 0.2 -1000.0 1
30
0 0 135 100 100
135 0 135 100 100
270 0 135 100 100
405 0 135 100 100
540 0 135 100 100
675 0 135 100 100
0 100 135 100 100
135 100 135 100 100
270 100 135 100 100
405 100 135 100 100
540 100 135 100 100
675 100 135 100 100
0 200 135 100 100
135 200 135 100 100
270 200 135 100 100
405 200 135 100 100
540 200 135 100 100
675 200 135 100 100
0 300 135 100 100
135 300 135 100 100
270 300 135 100 100
405 300 135 100 100
540 300 135 100 100
675 300 135 100 100
0 400 135 100 100
135 400 135 100 100
270 400 135 100 100
405 400 135 100 100
540 400 135 100 100
675 400 135 100 100