"png/leaves/9.png" "" "" 0 0 101 102
0.0 0.0 0.18 0.18 -1000.0 1
30
0 0 140 94 100
140 0 140 94 100
280 0 140 94 100
420 0 140 94 100
560 0 140 94 100
700 0 140 94 100
0 94 140 94 100
140 94 140 94 100
280 94 140 94 100
420 94 140 94 100
560 94 140 94 100
700 94 140 94 100
0 188 140 94 100
140 188 140 94 100
280 188 140 94 100
420 188 140 94 100
560 188 140 94 100
700 188 140 94 100
0 282 140 94 100
140 282 140 94 100
280 282 140 94 100
420 282 140 94 100
560 282 140 94 100
700 282 140 94 100
0 376 140 94 100
140 376 140 94 100
280 376 140 94 100
420 376 140 94 100
560 376 140 94 100
700 376 140 94 100