"png/leaves/3.png" "" "" 0 0 94 95
0.0 0.0 0.18 0.18 -1000.0 1
30
0 0 94 95 100
94 0 94 95 100
188 0 94 95 100
282 0 94 95 100
376 0 94 95 100
470 0 94 95 100
0 95 94 95 100
94 95 94 95 100
188 95 94 95 100
282 95 94 95 100
376 95 94 95 100
470 95 94 95 100
0 190 94 95 100
94 190 94 95 100
188 190 94 95 100
282 190 94 95 100
376 190 94 95 100
470 190 94 95 100
0 285 94 95 100
94 285 94 95 100
188 285 94 95 100
282 285 94 95 100
376 285 94 95 100
470 285 94 95 100
0 380 94 95 100
94 380 94 95 100
188 380 94 95 100
282 380 94 95 100
376 380 94 95 100
470 380 94 95 100