"png/leaves/4.png" "" "" 0 0 101 102
0.0 0.0 0.18 0.18 -1000.0 1
30
0 0 101 102 100
101 0 101 102 100
202 0 101 102 100
303 0 101 102 100
404 0 101 102 100
505 0 101 102 100
0 102 101 102 100
101 102 101 102 100
202 102 101 102 100
303 102 101 102 100
404 102 101 102 100
505 102 101 102 100
0 204 101 102 100
101 204 101 102 100
202 204 101 102 100
303 204 101 102 100
404 204 101 102 100
505 204 101 102 100
0 306 101 102 100
101 306 101 102 100
202 306 101 102 100
303 306 101 102 100
404 306 101 102 100
505 306 101 102 100
0 408 101 102 100
101 408 101 102 100
202 408 101 102 100
303 408 101 102 100
404 408 101 102 100
505 408 101 102 100