"png/leaves/8.png" "" "" 0 0 101 102
0.0 0.0 0.18 0.18 -1000.0 1
30
0 0 124 95 100
124 0 124 95 100
248 0 124 95 100
372 0 124 95 100
496 0 124 95 100
620 0 124 95 100
0 95 124 95 100
124 95 124 95 100
248 95 124 95 100
372 95 124 95 100
496 95 124 95 100
620 95 124 95 100
0 190 124 95 100
124 190 124 95 100
248 190 124 95 100
372 190 124 95 100
496 190 124 95 100
620 190 124 95 100
0 285 124 95 100
124 285 124 95 100
248 285 124 95 100
372 285 124 95 100
496 285 124 95 100
620 285 124 95 100
0 380 124 95 100
124 380 124 95 100
248 380 124 95 100
372 380 124 95 100
496 380 124 95 100
620 380 124 95 100