"png/leaves/7.png" "" "" 0 0 101 102
0.0 0.0 0.18 0.18 -1000.0 1
30
0 0 123 89 100
123 0 123 89 100
246 0 123 89 100
369 0 123 89 100
492 0 123 89 100
615 0 123 89 100
0 89 123 89 100
123 89 123 89 100
246 89 123 89 100
369 89 123 89 100
492 89 123 89 100
615 89 123 89 100
0 178 123 89 100
123 178 123 89 100
246 178 123 89 100
369 178 123 89 100
492 178 123 89 100
615 178 123 89 100
0 267 123 89 100
123 267 123 89 100
246 267 123 89 100
369 267 123 89 100
492 267 123 89 100
615 267 123 89 100
0 356 123 89 100
123 356 123 89 100
246 356 123 89 100
369 356 123 89 100
492 356 123 89 100
615 356 123 89 100