6
sunny 10 2.5
9
0.0 0.1 0.1 0.15
3.0 0.2 0.2 0.3
5.0 0.4 0.4 0.52
7.0 0.7 0.7 0.74
10.0 0.9 0.86 0.83
13.0 1.03 1.0 0.98
18.0 0.86 0.82 0.79
20.5 0.81 0.76 0.72
22.0 0.22 0.22 0.30
0.2 0.02 0.1 0.3 0.0 0.0 0.0
0.0 0.0 0.0 0.0 0.0
0.9 0.05 0.05
0.05 0.9 0.05
0.05 0.05 0.9
0.00

fog 8 4.5
9
0.0 0.1 0.1 0.15
3.8 0.2 0.2 0.3
5.5 0.4 0.4 0.52
7.2 0.5 0.5 0.62
10.0 0.64 0.64 0.7
13.0 0.7 0.7 0.8
18.0 0.65 0.65 0.73
20.5 0.57 0.56 0.69
22.0 0.4 0.4 0.5
0.3 0.2 0.6 1.0 0.0 0.0 0.0
0.8 0.4 0.4 0.4 0.5
0.8 0.1 0.1
0.1 0.8 0.1
0.1 0.1 0.8
0.007

wind 15 3.5
9
0.0 0.1 0.1 0.15
3.7 0.2 0.2 0.3
6.0 0.43 0.43 0.55
7.0 0.55 0.55 0.67
10.0 0.67 0.67 0.73
13.0 0.73 0.73 0.86
18.0 0.67 0.67 0.74
20.5 0.56 0.54 0.66
22.0 0.4 0.4 0.51
2.0 0.15 0.4 1.0 0.0 0.9 0.0
0.8 0.4 0.4 0.4 0.3
0.9 0.05 0.05
0.05 0.9 0.05
0.05 0.05 0.9
0.003

medium_rain 10 3.0
9
0.0 0.1 0.1 0.15
4.3 0.2 0.2 0.3
6.0 0.43 0.43 0.55
7.0 0.55 0.55 0.67
10.0 0.67 0.67 0.73
13.0 0.73 0.73 0.86
18.0 0.67 0.67 0.74
20.5 0.56 0.54 0.66
22.0 0.4 0.4 0.51
1.3 0.15 0.43 1.0 0.37 0.35 0.0
0.8 0.4 0.4 0.4 0.3
0.84 0.03 0.03
0.03 0.84 0.03
0.05 0.05 0.9
0.003

hard_rain 7 5.0
9
0.0 0.08 0.08 0.13
5.2 0.18 0.18 0.26
7.0 0.43 0.43 0.55
9.0 0.55 0.55 0.67
10.0 0.64 0.64 0.70
13.0 0.70 0.70 0.78
18.0 0.64 0.64 0.70
20.5 0.56 0.54 0.66
22.0 0.35 0.35 0.45
1.55 0.17 0.45 1.0 0.6 0.55 0.3
0.8 0.4 0.4 0.8 0.6
0.8 0.1 0.1
0.1 0.8 0.1
0.05 0.05 0.9
0.007

clouds 20 7.0
9
0.0 0.11 0.11 0.15
4.0 0.22 0.22 0.3
6.0 0.46 0.47 0.55
8.0 0.57 0.57 0.67
10.0 0.74 0.74 0.73
13.0 0.79 0.79 0.86
18.0 0.69 0.69 0.74
20.5 0.57 0.57 0.66
22.0 0.4 0.4 0.51
0.2 0.14 0.4 1.0 0.0 0.0 0.3
0.0 0.0 0.0 0.0 0.0
0.86 0.07 0.07
0.07 0.86 0.07
0.09 0.09 0.86
0.002
6
"resources/sprites/leaves/0.png" 0 0 135 100
0.0 0.0 0.25 0.25 -1000.0 1
30
0 0 135 100 100
135 0 135 100 100
270 0 135 100 100
405 0 135 100 100
540 0 135 100 100
675 0 135 100 100
0 100 135 100 100
135 100 135 100 100
270 100 135 100 100
405 100 135 100 100
540 100 135 100 100
675 100 135 100 100
0 200 135 100 100
135 200 135 100 100
270 200 135 100 100
405 200 135 100 100
540 200 135 100 100
675 200 135 100 100
0 300 135 100 100
135 300 135 100 100
270 300 135 100 100
405 300 135 100 100
540 300 135 100 100
675 300 135 100 100
0 400 135 100 100
135 400 135 100 100
270 400 135 100 100
405 400 135 100 100
540 400 135 100 100
675 400 135 100 100
"resources/sprites/leaves/3.png" 0 0 94 95
0.0 0.0 0.23 0.23 -1000.0 1
30
0 0 94 95 100
94 0 94 95 100
188 0 94 95 100
282 0 94 95 100
376 0 94 95 100
470 0 94 95 100
0 95 94 95 100
94 95 94 95 100
188 95 94 95 100
282 95 94 95 100
376 95 94 95 100
470 95 94 95 100
0 190 94 95 100
94 190 94 95 100
188 190 94 95 100
282 190 94 95 100
376 190 94 95 100
470 190 94 95 100
0 285 94 95 100
94 285 94 95 100
188 285 94 95 100
282 285 94 95 100
376 285 94 95 100
470 285 94 95 100
0 380 94 95 100
94 380 94 95 100
188 380 94 95 100
282 380 94 95 100
376 380 94 95 100
470 380 94 95 100
"resources/sprites/leaves/4.png" 0 0 101 102
0.0 0.0 0.18 0.18 -1000.0 1
30
0 0 101 102 100
101 0 101 102 100
202 0 101 102 100
303 0 101 102 100
404 0 101 102 100
505 0 101 102 100
0 102 101 102 100
101 102 101 102 100
202 102 101 102 100
303 102 101 102 100
404 102 101 102 100
505 102 101 102 100
0 204 101 102 100
101 204 101 102 100
202 204 101 102 100
303 204 101 102 100
404 204 101 102 100
505 204 101 102 100
0 306 101 102 100
101 306 101 102 100
202 306 101 102 100
303 306 101 102 100
404 306 101 102 100
505 306 101 102 100
0 408 101 102 100
101 408 101 102 100
202 408 101 102 100
303 408 101 102 100
404 408 101 102 100
505 408 101 102 100
"resources/sprites/leaves/7.png" 0 0 101 102
0.0 0.0 0.18 0.18 -1000.0 1
30
0 0 123 89 100
123 0 123 89 100
246 0 123 89 100
369 0 123 89 100
492 0 123 89 100
615 0 123 89 100
0 89 123 89 100
123 89 123 89 100
246 89 123 89 100
369 89 123 89 100
492 89 123 89 100
615 89 123 89 100
0 178 123 89 100
123 178 123 89 100
246 178 123 89 100
369 178 123 89 100
492 178 123 89 100
615 178 123 89 100
0 267 123 89 100
123 267 123 89 100
246 267 123 89 100
369 267 123 89 100
492 267 123 89 100
615 267 123 89 100
0 356 123 89 100
123 356 123 89 100
246 356 123 89 100
369 356 123 89 100
492 356 123 89 100
615 356 123 89 100
"resources/sprites/leaves/8.png" 0 0 101 102
0.0 0.0 0.18 0.18 -1000.0 1
30
0 0 124 95 100
124 0 124 95 100
248 0 124 95 100
372 0 124 95 100
496 0 124 95 100
620 0 124 95 100
0 95 124 95 100
124 95 124 95 100
248 95 124 95 100
372 95 124 95 100
496 95 124 95 100
620 95 124 95 100
0 190 124 95 100
124 190 124 95 100
248 190 124 95 100
372 190 124 95 100
496 190 124 95 100
620 190 124 95 100
0 285 124 95 100
124 285 124 95 100
248 285 124 95 100
372 285 124 95 100
496 285 124 95 100
620 285 124 95 100
0 380 124 95 100
124 380 124 95 100
248 380 124 95 100
372 380 124 95 100
496 380 124 95 100
620 380 124 95 100
"resources/sprites/leaves/9.png" 0 0 101 102
0.0 0.0 0.18 0.18 -1000.0 1
30
0 0 140 94 100
140 0 140 94 100
280 0 140 94 100
420 0 140 94 100
560 0 140 94 100
700 0 140 94 100
0 94 140 94 100
140 94 140 94 100
280 94 140 94 100
420 94 140 94 100
560 94 140 94 100
700 94 140 94 100
0 188 140 94 100
140 188 140 94 100
280 188 140 94 100
420 188 140 94 100
560 188 140 94 100
700 188 140 94 100
0 282 140 94 100
140 282 140 94 100
280 282 140 94 100
420 282 140 94 100
560 282 140 94 100
700 282 140 94 100
0 376 140 94 100
140 376 140 94 100
280 376 140 94 100
420 376 140 94 100
560 376 140 94 100
700 376 140 94 100